"1";"russia ha expelled dutch reporter newspaper ha mos";"0.00028";"0.00870";"0.09012";"0.00590";"0.00028";"0.02555";"0.00309";"0.82285";"0.00028";"0.00028";"0.01993";"0.02274"
"2";"largest important event mathematical calendar take";"0.00036";"0.00036";"0.00036";"0.62400";"0.00036";"0.29212";"0.00036";"0.00036";"0.00036";"0.00036";"0.08060";"0.00036"
"3";"earlier today set three question russian math comp";"0.00028";"0.00028";"0.00028";"0.68046";"0.00028";"0.22238";"0.00028";"0.00305";"0.05580";"0.00028";"0.00028";"0.03637"
"4";"labour ha asked conservative check party ha made d";"0.01161";"0.00023";"0.89048";"0.00023";"0.00023";"0.01617";"0.00023";"0.07536";"0.00250";"0.00250";"0.00023";"0.00023"
"5";"russia ha hosted high profile international talk a";"0.17872";"0.01214";"0.00024";"0.00262";"0.00024";"0.03832";"0.00024";"0.71656";"0.05021";"0.00024";"0.00024";"0.00024"
"6";"russia may dissolve memorial country premier human";"0.00017";"0.00364";"0.07814";"0.00017";"0.00364";"0.39172";"0.00017";"0.52166";"0.00017";"0.00017";"0.00017";"0.00017"
"7";"russia ha accused west building force border well ";"0.32397";"0.00036";"0.00036";"0.00036";"0.00036";"0.00036";"0.00036";"0.67248";"0.00036";"0.00036";"0.00036";"0.00036"
"8";"germany new chancellor faced pressure fellow leade";"0.75375";"0.00026";"0.00026";"0.00026";"0.00026";"0.00026";"0.00026";"0.24366";"0.00026";"0.00026";"0.00026";"0.00026"
"9";"nato secretary general jens stoltenberg ha caution";"0.45540";"0.00709";"0.00023";"0.00023";"0.00938";"0.00023";"0.00023";"0.52630";"0.00023";"0.00023";"0.00023";"0.00023"
"10";"good morning malcolm turnbull welcome climate focu";"0.04767";"0.45308";"0.13276";"0.05768";"0.05018";"0.16154";"0.03141";"0.01264";"0.03016";"0.00513";"0.01764";"0.00013"
"11";"swift reprisal package russia including troop patr";"0.75445";"0.00031";"0.00031";"0.00031";"0.00031";"0.00031";"0.06162";"0.18118";"0.00031";"0.00031";"0.00031";"0.00031"
"12";"ha evidence russia ha made plan large scale attack";"0.74536";"0.00020";"0.00020";"0.00020";"0.00020";"0.00020";"0.00020";"0.24657";"0.00424";"0.00222";"0.00020";"0.00020"
"13";"man putin couldnt kill pm channel horror absurdity";"0.00030";"0.05117";"0.00030";"0.13794";"0.00030";"0.25464";"0.00329";"0.05416";"0.00030";"0.00030";"0.15889";"0.33842"
"14";"serbia president aleksandar vui ha lauded tie krem";"0.85355";"0.00264";"0.00024";"0.00024";"0.00503";"0.00024";"0.11769";"0.00024";"0.01942";"0.00024";"0.00024";"0.00024"
"15";"foreign minister g group rich democracy warned rus";"0.79833";"0.00019";"0.00019";"0.02731";"0.00019";"0.00019";"0.00019";"0.16486";"0.00019";"0.00019";"0.00019";"0.00794"
"16";"flatbed rail wagon speeding south west russia last";"0.53712";"0.00881";"0.00017";"0.01226";"0.00190";"0.03988";"0.05715";"0.34202";"0.00017";"0.00017";"0.00017";"0.00017"
"17";"russia ha admitted destroying one satellite missil";"0.29463";"0.08118";"0.00032";"0.22025";"0.00032";"0.00032";"0.00032";"0.36578";"0.01649";"0.01973";"0.00032";"0.00032"
"18";"joe biden go tuesday virtual summit vladimir putin";"0.57138";"0.00034";"0.00034";"0.00034";"0.01734";"0.00034";"0.18729";"0.19409";"0.00034";"0.02413";"0.00034";"0.00374"
"19";"moscow authority announced weeklong closure non es";"0.00383";"0.00035";"0.00035";"0.00035";"0.00035";"0.00035";"0.00035";"0.07695";"0.91609";"0.00035";"0.00035";"0.00035"
"20";"russian authority threatened shutter memorial coun";"0.00053";"0.00053";"0.00053";"0.00053";"0.00053";"0.24626";"0.00053";"0.68429";"0.00053";"0.06464";"0.00053";"0.00053"
"21";"vladimir putin ha warned nato country deploying we";"0.54606";"0.00023";"0.00023";"0.00023";"0.00023";"0.00023";"0.00023";"0.45164";"0.00023";"0.00023";"0.00023";"0.00023"
"22";"natural gas market ha entered uncharted territory ";"0.35585";"0.00021";"0.00231";"0.01494";"0.06755";"0.00021";"0.49895";"0.05703";"0.00021";"0.00231";"0.00021";"0.00021"
"23";"russia ukraine enforcing new coronavirus restricti";"0.00021";"0.00874";"0.04923";"0.00021";"0.00021";"0.01300";"0.00021";"0.26662";"0.66091";"0.00021";"0.00021";"0.00021"
"24";"donald trump ha demanded pulitzer prize board resc";"0.00028";"0.00028";"0.16873";"0.00590";"0.00309";"0.29225";"0.00028";"0.00590";"0.00028";"0.52246";"0.00028";"0.00028"
"25";"russia ha reported record number covid death four ";"0.02289";"0.00032";"0.00355";"0.02611";"0.00032";"0.01322";"0.01322";"0.08092";"0.83849";"0.00032";"0.00032";"0.00032"
"26";"outgoing head uk armed force ha military ready war";"0.35010";"0.00033";"0.00033";"0.25350";"0.00700";"0.00033";"0.00033";"0.38674";"0.00033";"0.00033";"0.00033";"0.00033"
"27";"ha would send reinforcement nato eastern flank res";"0.63229";"0.00016";"0.00016";"0.00491";"0.00016";"0.00016";"0.00016";"0.36138";"0.00016";"0.00016";"0.00016";"0.00016"
"28";"russia ha endured worst forest fire season country";"0.00034";"0.00034";"0.00719";"0.04141";"0.70534";"0.00719";"0.10986";"0.12012";"0.00034";"0.00034";"0.00719";"0.00034"
"29";"britain west becoming embroiled clash value russia";"0.57628";"0.00342";"0.37080";"0.00031";"0.00342";"0.00031";"0.00031";"0.00031";"0.04390";"0.00031";"0.00031";"0.00031"
"30";"dmitry muratov saw norwegian number flash phone as";"0.00034";"0.00034";"0.10372";"0.00379";"0.00724";"0.54480";"0.00034";"0.33115";"0.00034";"0.00034";"0.00034";"0.00724"
"31";"new show western unity russia china lined uk forei";"0.90468";"0.08836";"0.00023";"0.00023";"0.00023";"0.00255";"0.00023";"0.00023";"0.00023";"0.00023";"0.00023";"0.00255"
"32";"russia ha named local partner bellingcat investiga";"0.00889";"0.00042";"0.16554";"0.00042";"0.00042";"0.06816";"0.00042";"0.75402";"0.00042";"0.00042";"0.00042";"0.00042"
"33";"russian study report problem faced country militar";"0.08798";"0.01632";"0.37858";"0.00438";"0.00040";"0.04817";"0.01234";"0.45024";"0.00040";"0.00040";"0.00040";"0.00040"
"34";"regional power see influence increase dramatically";"0.42993";"0.00171";"0.00016";"0.02040";"0.00016";"0.03908";"0.00016";"0.50779";"0.00016";"0.00016";"0.00016";"0.00016"
"35";"attorney represented hillary clinton presidential ";"0.00041";"0.00041";"0.20685";"0.00041";"0.00041";"0.04996";"0.00041";"0.00041";"0.00041";"0.73947";"0.00041";"0.00041"
"36";"taliban captured russian made helicopter various s";"0.00029";"0.00029";"0.00029";"0.00029";"0.00029";"0.00029";"0.15006";"0.80674";"0.00029";"0.04061";"0.00029";"0.00029"
"37";"cybercriminals russia neighbouring state behind ma";"0.30263";"0.00028";"0.64418";"0.00028";"0.00028";"0.01708";"0.02268";"0.00028";"0.01148";"0.00028";"0.00028";"0.00028"
"38";"russia highly rated squad gold last week nation on";"0.04656";"0.00024";"0.00024";"0.00024";"0.00756";"0.46343";"0.01487";"0.00024";"0.00024";"0.00024";"0.46587";"0.00024"
"39";"aircraft carrying skydiver ha crashed central russ";"0.00572";"0.00052";"0.00052";"0.07856";"0.02653";"0.03694";"0.04214";"0.79136";"0.01093";"0.00572";"0.00052";"0.00052"
"40";"first vladimir putin came visit second day row art";"0.06283";"0.00016";"0.00016";"0.24303";"0.00016";"0.29317";"0.00016";"0.00016";"0.00016";"0.00329";"0.00016";"0.39658"
"41";"first vladimir putin came visit second day row art";"0.08477";"0.00016";"0.00016";"0.26183";"0.00016";"0.26183";"0.00016";"0.00016";"0.00016";"0.00016";"0.00016";"0.39032"
"42";"vladimir putin belarusian leader alexander lukashe";"0.56898";"0.00028";"0.00028";"0.00028";"0.00028";"0.00028";"0.08474";"0.34375";"0.00028";"0.00028";"0.00028";"0.00028"
"43";"senior bbc journalist expelled russia ha condemned";"0.00037";"0.11425";"0.00037";"0.20977";"0.00037";"0.00037";"0.00037";"0.67267";"0.00037";"0.00037";"0.00037";"0.00037"
"44";"russia expel senior bbc journalist moscow refusing";"0.00025";"0.00025";"0.27665";"0.01259";"0.00025";"0.04714";"0.00025";"0.65918";"0.00025";"0.00271";"0.00025";"0.00025"
"45";"security guard british embassy berlin ha arrested ";"0.00026";"0.00026";"0.23799";"0.00537";"0.00026";"0.19197";"0.06927";"0.49105";"0.00026";"0.00281";"0.00026";"0.00026"
"46";"mi become open stay secret work tech company count";"0.31615";"0.00040";"0.39209";"0.00040";"0.06835";"0.15627";"0.00040";"0.00040";"0.05236";"0.01239";"0.00040";"0.00040"
"47";"german police arrested british man worked british ";"0.00040";"0.00843";"0.43379";"0.00040";"0.00040";"0.00040";"0.00040";"0.53411";"0.00040";"0.00040";"0.02047";"0.00040"
"48";"kremlin war independent journalism russia ha escal";"0.00030";"0.00030";"0.17579";"0.00030";"0.00030";"0.08061";"0.03302";"0.66359";"0.00030";"0.04491";"0.00030";"0.00030"
"49";"bbcs moscow correspondent ha used final dispatch e";"0.00034";"0.06173";"0.06514";"0.00034";"0.00034";"0.10266";"0.00375";"0.75750";"0.00034";"0.00034";"0.00716";"0.00034"
"50";"world energy watchdog ha called russia send gas eu";"0.32321";"0.02344";"0.00038";"0.00038";"0.12721";"0.00038";"0.52306";"0.00038";"0.00038";"0.00038";"0.00038";"0.00038"
"51";"vladimir putin old fashioned sort guy yearns day s";"0.60624";"0.00026";"0.00026";"0.04748";"0.00813";"0.14192";"0.00026";"0.18652";"0.00026";"0.00026";"0.00813";"0.00026"
"52";"majority european believe new cold war way chief g";"0.84706";"0.00038";"0.01945";"0.00038";"0.00038";"0.08047";"0.00801";"0.00038";"0.04233";"0.00038";"0.00038";"0.00038"
"53";"right thats stick around site report reaction than";"0.00007";"0.00007";"0.00079";"0.22051";"0.00007";"0.03013";"0.00007";"0.00007";"0.00007";"0.00079";"0.74656";"0.00079"
"54";"russia prosecutor ha suspended activity alexei nav";"0.00035";"0.00035";"0.04944";"0.00386";"0.00736";"0.01087";"0.00035";"0.87342";"0.00035";"0.05295";"0.00035";"0.00035"
"55";"right thats thanks much company comment apology di";"0.00004";"0.00656";"0.00185";"0.29769";"0.00838";"0.03013";"0.00004";"0.00040";"0.00004";"0.00004";"0.62581";"0.02904"
"56";"iran turkey pakistan russia moved fill military di";"0.49096";"0.00026";"0.00026";"0.00026";"0.00026";"0.02867";"0.00026";"0.47546";"0.00026";"0.00284";"0.00026";"0.00026"
"57";"uk ha recorded new coronavirus case death last hou";"0.00003";"0.07341";"0.00916";"0.03004";"0.00003";"0.00427";"0.00003";"0.00003";"0.88288";"0.00003";"0.00003";"0.00003"
"58";"thats tonight blog thanks company email surreal di";"0.00005";"0.02473";"0.00005";"0.31225";"0.00059";"0.00005";"0.00005";"0.00005";"0.00005";"0.00005";"0.66200";"0.00005"
"59";"roc let face retro cold war touch dripping away ba";"0.06582";"0.00345";"0.12328";"0.17745";"0.00016";"0.33831";"0.00016";"0.01330";"0.00181";"0.00345";"0.27265";"0.00016"
"60";"second time year russia ha amassed force near bord";"0.74856";"0.00026";"0.00026";"0.00288";"0.00026";"0.00026";"0.00026";"0.23836";"0.00026";"0.00026";"0.00811";"0.00026"
"61";"thats done today evening summary today event legit";"0.05848";"0.09589";"0.02909";"0.10357";"0.60220";"0.02107";"0.00671";"0.01606";"0.00137";"0.06483";"0.00003";"0.00070"
"62";"title nod robert bresson high concept script doffs";"0.00030";"0.00626";"0.00030";"0.34039";"0.00030";"0.38514";"0.01820";"0.09576";"0.00328";"0.00030";"0.00030";"0.14946"
"63";"high drama heartbreak russian grand prix appropria";"0.02297";"0.01883";"0.00021";"0.84044";"0.00021";"0.00228";"0.00021";"0.00228";"0.00228";"0.01055";"0.09954";"0.00021"
"64";"putting russia right tractor byelorussia boris tik";"0.03326";"0.05270";"0.02742";"0.02159";"0.00408";"0.61669";"0.15383";"0.07604";"0.01186";"0.00019";"0.00019";"0.00214"
"65";"russia china presented plan build joint internatio";"0.71515";"0.00086";"0.00086";"0.17298";"0.00086";"0.00086";"0.00086";"0.00947";"0.06971";"0.02668";"0.00086";"0.00086"
"66";"uk reported death saturday people tested positive ";"0.00680";"0.05868";"0.01921";"0.00117";"0.00004";"0.02598";"0.00004";"0.01357";"0.87441";"0.00004";"0.00004";"0.00004"
"67";"british national accused selling secret russia ext";"0.01014";"0.00048";"0.48793";"0.00048";"0.00048";"0.00048";"0.00048";"0.44450";"0.05357";"0.00048";"0.00048";"0.00048"
"68";"russian government ha officially deemed united sta";"0.15483";"0.00067";"0.02748";"0.00067";"0.00067";"0.00067";"0.00067";"0.67091";"0.03418";"0.10791";"0.00067";"0.00067"
"69";"russia state gas company ha reported record earnin";"0.00038";"0.00038";"0.04563";"0.00038";"0.18891";"0.00038";"0.75830";"0.00038";"0.00415";"0.00038";"0.00038";"0.00038"
"70";"feeling disbelief denmark tuesday morning really h";"0.00028";"0.00309";"0.01713";"0.31190";"0.00028";"0.00309";"0.00028";"0.13784";"0.07047";"0.00028";"0.45508";"0.00028"
"71";"thats samantha lock today blog meantime follow alo";"0.00003";"0.01422";"0.04131";"0.01229";"0.00422";"0.00100";"0.00003";"0.00132";"0.90420";"0.00003";"0.02131";"0.00003"
"72";"russia ha retaliated ban carrier entering belarus ";"0.12820";"0.00022";"0.10834";"0.00022";"0.00022";"0.00022";"0.00243";"0.75265";"0.00243";"0.00463";"0.00022";"0.00022"
"73";"new wave sanction restrictive measure belarus avia";"0.21563";"0.00028";"0.00028";"0.08034";"0.00028";"0.02236";"0.00028";"0.67946";"0.00028";"0.00028";"0.00028";"0.00028"
"74";"work russia way combat climate crisis president jo";"0.26029";"0.00019";"0.01184";"0.00019";"0.61161";"0.00019";"0.03125";"0.00019";"0.01766";"0.05648";"0.00990";"0.00019"
"75";"argentina gamble sputnik v vaccine ha left critica";"0.00031";"0.00031";"0.12293";"0.00031";"0.00031";"0.00031";"0.03709";"0.15665";"0.68087";"0.00031";"0.00031";"0.00031"
"76";"world leader gathering g summit cornwall week look";"0.62474";"0.00017";"0.17051";"0.00189";"0.13266";"0.00017";"0.00017";"0.00017";"0.06900";"0.00017";"0.00017";"0.00017"
"77";"fear growing berlin russian led cyber campaign lea";"0.37416";"0.00018";"0.15438";"0.00018";"0.01613";"0.10298";"0.00018";"0.32453";"0.01967";"0.00018";"0.00727";"0.00018"
"78";"mcgahn former white house counsel donald trump she";"0.00612";"0.03234";"0.00321";"0.00029";"0.00029";"0.00029";"0.00029";"0.00029";"0.01195";"0.94435";"0.00029";"0.00029"
"79";"jonathan steele moved moscow guardian story mikhai";"0.08051";"0.00014";"0.02129";"0.21447";"0.00014";"0.46122";"0.02129";"0.19050";"0.00719";"0.00014";"0.00014";"0.00296"
"80";"one respect punitive measure imposed russia last w";"0.61411";"0.00026";"0.00026";"0.08158";"0.00026";"0.06060";"0.00026";"0.18127";"0.00026";"0.06060";"0.00026";"0.00026"
"81";"nato secretary general ha called russia halt milit";"0.44070";"0.00019";"0.00019";"0.00019";"0.00019";"0.00019";"0.00019";"0.55553";"0.00019";"0.00019";"0.00207";"0.00019"
"82";"dmitry davydov self taught russian director remote";"0.00060";"0.00060";"0.00060";"0.27572";"0.02452";"0.52093";"0.00060";"0.00060";"0.00060";"0.00060";"0.00060";"0.17404"
"83";"russia unexplained buildup along ukraine border se";"0.46628";"0.00417";"0.00020";"0.08747";"0.00020";"0.00020";"0.08747";"0.35323";"0.00020";"0.00020";"0.00020";"0.00020"
"84";"britain unexpectedly embroiled diplomatic military";"0.22520";"0.00026";"0.00026";"0.00281";"0.00281";"0.00026";"0.00026";"0.76713";"0.00026";"0.00026";"0.00026";"0.00026"
"85";"effort revive iran nuclear deal hauled back brink ";"0.87322";"0.00039";"0.00039";"0.07148";"0.00039";"0.00039";"0.00039";"0.00039";"0.00829";"0.04384";"0.00039";"0.00039"
"86";"memory memory maria stepanova fitzcarraldo edition";"0.00029";"0.04611";"0.00029";"0.00029";"0.00029";"0.63030";"0.00029";"0.06615";"0.00029";"0.00029";"0.02892";"0.22652"
"87";"russian authority seeking detain prominent investi";"0.00047";"0.00047";"0.15994";"0.00047";"0.00047";"0.08021";"0.00985";"0.74156";"0.00047";"0.00047";"0.00047";"0.00516"
"88";"retaliate russia continues carry malicious cyber a";"0.38825";"0.00166";"0.00015";"0.00015";"0.00015";"0.07566";"0.00015";"0.37919";"0.00015";"0.15418";"0.00015";"0.00015"
"89";"eu prepare downturn relation vladimir putin russia";"0.72841";"0.00028";"0.00028";"0.00028";"0.01412";"0.00305";"0.00581";"0.24668";"0.00028";"0.00028";"0.00028";"0.00028"
"90";"hour russian state news channel thursday began mig";"0.43071";"0.00018";"0.00018";"0.07964";"0.00388";"0.05746";"0.00018";"0.22191";"0.00018";"0.20344";"0.00018";"0.00203"
"91";"widely reputed game belligerence bellicosity woman";"0.07374";"0.00052";"0.03713";"0.00052";"0.00052";"0.11559";"0.00052";"0.45554";"0.00052";"0.00052";"0.31433";"0.00052"
"92";"saturday may chinese state news agency xinhua repo";"0.19874";"0.00090";"0.03687";"0.40558";"0.00090";"0.14478";"0.00090";"0.08183";"0.12680";"0.00090";"0.00090";"0.00090"
"93";"russia ha recall many troop crimea border region u";"0.20571";"0.00020";"0.00419";"0.00020";"0.00020";"0.00020";"0.01816";"0.75838";"0.00020";"0.00020";"0.00818";"0.00419"
"94";"moscow ha expelled czech diplomat tit tat response";"0.07209";"0.00029";"0.03475";"0.01177";"0.00029";"0.03475";"0.00029";"0.84463";"0.00029";"0.00029";"0.00029";"0.00029"
"95";"thats tonight thanks reading along covered federal";"0.00443";"0.00044";"0.04351";"0.02158";"0.03953";"0.03913";"0.00004";"0.02955";"0.17912";"0.64259";"0.00004";"0.00004"
"96";"quiz master already enjoying christmas break left ";"0.00153";"0.35429";"0.10890";"0.35429";"0.00153";"0.01687";"0.01687";"0.00153";"0.00153";"0.00153";"0.09356";"0.04755"
"97";"secret european intelligence report ha concluded c";"0.00039";"0.00039";"0.00039";"0.00039";"0.00039";"0.27469";"0.00039";"0.68613";"0.00039";"0.00039";"0.03566";"0.00039"
"98";"russia natural population ha undergone largest pea";"0.17817";"0.00036";"0.00036";"0.00036";"0.00036";"0.20661";"0.13905";"0.00747";"0.46622";"0.00036";"0.00036";"0.00036"
"99";"thanks following along weve closed blog today catc";"0.02993";"0.05951";"0.00743";"0.00003";"0.00003";"0.00003";"0.00003";"0.01965";"0.86429";"0.01900";"0.00003";"0.00003"
"100";"usually bad news dumped late friday muscovite head";"0.00007";"0.00081";"0.07181";"0.07625";"0.00007";"0.34544";"0.03853";"0.46154";"0.00525";"0.00007";"0.00007";"0.00007"
"101";"russia emergency minister ha died training exercis";"0.00041";"0.00041";"0.00041";"0.00041";"0.00041";"0.09789";"0.00041";"0.84931";"0.00041";"0.02478";"0.00041";"0.02478"
"102";"french german youtubers blogger influencers offere";"0.00032";"0.00032";"0.41858";"0.00032";"0.00032";"0.27810";"0.00032";"0.00032";"0.29725";"0.00032";"0.00032";"0.00351"
"103";"extent night fraught worry could provide moment po";"0.00260";"0.03568";"0.00024";"0.31687";"0.00496";"0.09948";"0.00024";"0.00024";"0.00260";"0.00496";"0.53190";"0.00024"
"104";"russian athlete begin competing week tokyo olympic";"0.10666";"0.00023";"0.14831";"0.00255";"0.00255";"0.19921";"0.00023";"0.22004";"0.00023";"0.00023";"0.31953";"0.00023"
"105";"russia took action tuesday slow speed twitter move";"0.08469";"0.00027";"0.38154";"0.00572";"0.00027";"0.00027";"0.04657";"0.46596";"0.01389";"0.00027";"0.00027";"0.00027"
"106";"second book french anthropologist nastassja martin";"0.05937";"0.01143";"0.00037";"0.31010";"0.00037";"0.36173";"0.00037";"0.02249";"0.05568";"0.00406";"0.00037";"0.17367"
"107";"france senior naval commander ha future conflict l";"0.52228";"0.00233";"0.00870";"0.05539";"0.01931";"0.00021";"0.00233";"0.33553";"0.00233";"0.01507";"0.00021";"0.03629"
"108";"covid ha caused loss year life according largest e";"0.00036";"0.00036";"0.00036";"0.00036";"0.14571";"0.36010";"0.00400";"0.00036";"0.40007";"0.00036";"0.08757";"0.00036"
"109";"russian diplomat lashed uk joining condemning russ";"0.36160";"0.00321";"0.03526";"0.00321";"0.00029";"0.00903";"0.00321";"0.46358";"0.11393";"0.00321";"0.00321";"0.00029"
"110";"team ever deserved make progress much denmark thri";"0.00268";"0.00024";"0.00024";"0.20696";"0.00024";"0.00024";"0.00024";"0.01727";"0.00024";"0.00024";"0.77116";"0.00024"
"111";"earlier today set following puzzle challenge russi";"0.00724";"0.00034";"0.03480";"0.67919";"0.00034";"0.26223";"0.00034";"0.00034";"0.01413";"0.00034";"0.00034";"0.00034"
"112";"earlier month russia prime minister mikhail mishus";"0.00037";"0.09919";"0.01501";"0.46157";"0.01501";"0.40300";"0.00037";"0.00037";"0.00037";"0.00037";"0.00403";"0.00037"
"113";"time join daniel harris finland v russia live clos";"0.01331";"0.05530";"0.06524";"0.29450";"0.00006";"0.00503";"0.01442";"0.00006";"0.01663";"0.00006";"0.49613";"0.03928"
"114";"joe biden agreed sunday vladimir putin latest asse";"0.54654";"0.00020";"0.14994";"0.00020";"0.03055";"0.00020";"0.00020";"0.00020";"0.05888";"0.21267";"0.00020";"0.00020"
"115";"britain foreign secretary ha joined last minute pu";"0.81595";"0.00023";"0.01172";"0.00023";"0.00712";"0.00023";"0.13120";"0.00023";"0.00023";"0.03240";"0.00023";"0.00023"
"116";"supporter russian opposition leader alexei navalny";"0.00036";"0.00401";"0.08425";"0.08789";"0.01131";"0.00766";"0.00036";"0.80270";"0.00036";"0.00036";"0.00036";"0.00036"
"117";"former guantnamo detainee facing forced repatriati";"0.00023";"0.02125";"0.07263";"0.00023";"0.00023";"0.08664";"0.01191";"0.76390";"0.00023";"0.00490";"0.00490";"0.03293"
"118";"historian look back donald trump presidency likely";"0.06458";"0.00012";"0.15580";"0.00012";"0.00012";"0.18986";"0.00012";"0.15459";"0.00134";"0.42946";"0.00377";"0.00012"
"119";"russia china unveiled plan joint lunar space stati";"0.38323";"0.00038";"0.00421";"0.30283";"0.09609";"0.08078";"0.00038";"0.13055";"0.00038";"0.00038";"0.00038";"0.00038"
"120";"day police arent engaged fight crime theyre also a";"0.14327";"0.15101";"0.31922";"0.11040";"0.00019";"0.11040";"0.00019";"0.16261";"0.00213";"0.00019";"0.00019";"0.00019"
"121";"leading human right organisation russia released f";"0.07232";"0.00024";"0.07472";"0.00024";"0.00024";"0.12278";"0.00024";"0.72826";"0.00024";"0.00024";"0.00024";"0.00024"
"122";"europe entering dangerous new age instability sinc";"0.76396";"0.00016";"0.00016";"0.00016";"0.00016";"0.02263";"0.00016";"0.19753";"0.00016";"0.00016";"0.00016";"0.01460"
"123";"ten thousand russian city across country taken par";"0.00099";"0.18874";"0.15909";"0.05040";"0.00099";"0.01087";"0.00099";"0.58399";"0.00099";"0.00099";"0.00099";"0.00099"
"124";"public inquiry launched death woman killed wiltshi";"0.00034";"0.19475";"0.51194";"0.00034";"0.00034";"0.05491";"0.00034";"0.23226";"0.00034";"0.00375";"0.00034";"0.00034"
"125";"appeal court netherlands ha ruled ukraine ha legal";"0.18619";"0.00035";"0.00736";"0.02139";"0.00035";"0.09502";"0.00035";"0.47721";"0.00035";"0.00035";"0.00736";"0.20372"
"126";"joe biden ha called vladimir putin demand de escal";"0.54174";"0.00235";"0.00021";"0.00021";"0.00021";"0.00021";"0.00021";"0.31057";"0.00021";"0.14362";"0.00021";"0.00021"
"127";"november brian griffin flew luton airport moscow t";"0.02090";"0.00051";"0.00561";"0.10754";"0.00051";"0.71916";"0.03619";"0.05657";"0.05148";"0.00051";"0.00051";"0.00051"
"128";"antony blinken secretary state uk foreign secretar";"0.74918";"0.01934";"0.00027";"0.00027";"0.07925";"0.00027";"0.00027";"0.15005";"0.00027";"0.00027";"0.00027";"0.00027"
"129";"havent stopped fight regime garry kasparov word br";"0.16447";"0.00015";"0.00015";"0.30574";"0.00015";"0.43934";"0.03240";"0.00630";"0.00169";"0.00015";"0.04929";"0.00015"
"130";"russia braced second weekend unrest kremlin crack ";"0.00027";"0.00027";"0.05415";"0.04337";"0.00027";"0.09725";"0.00027";"0.79230";"0.01105";"0.00027";"0.00027";"0.00027"
"131";"kremlin ha broken silence russia biggest oppositio";"0.00245";"0.00022";"0.03139";"0.04920";"0.00022";"0.04029";"0.00022";"0.83281";"0.00022";"0.04252";"0.00022";"0.00022"
"132";"month hungarian bookshop chain fined selling child";"0.05907";"0.08987";"0.01708";"0.00588";"0.00028";"0.66937";"0.01708";"0.00028";"0.00028";"0.13466";"0.00028";"0.00588"
"133";"european court human right ha told russia free ale";"0.08864";"0.01518";"0.20127";"0.00049";"0.00049";"0.01028";"0.02008";"0.64691";"0.01518";"0.00049";"0.00049";"0.00049"
"134";"minister relying outdated energy security policy l";"0.15411";"0.00038";"0.00423";"0.00038";"0.01960";"0.01576";"0.78440";"0.00038";"0.01960";"0.00038";"0.00038";"0.00038"
"135";"tehran washington right track come back compliance";"0.87021";"0.00028";"0.00028";"0.00028";"0.00028";"0.00028";"0.12416";"0.00310";"0.00028";"0.00028";"0.00028";"0.00028"
"136";"energy charter treaty ect signed protect interest ";"0.20262";"0.01229";"0.39294";"0.00040";"0.16693";"0.00040";"0.09556";"0.12331";"0.00040";"0.00436";"0.00040";"0.00040"
"137";"president joe biden ha unveiled multinational plan";"0.00541";"0.00049";"0.00049";"0.00049";"0.73868";"0.00049";"0.00049";"0.00049";"0.05463";"0.19734";"0.00049";"0.00049"
"138";"united state european delegation un security counc";"0.19314";"0.00021";"0.00021";"0.00021";"0.00021";"0.00021";"0.00021";"0.80480";"0.00021";"0.00021";"0.00021";"0.00021"
"139";"joe bidens accession presidency ha spawned huge bo";"0.64820";"0.01656";"0.05540";"0.00020";"0.00020";"0.05540";"0.00020";"0.16987";"0.00020";"0.04722";"0.00634";"0.00020"
"140";"wrap today blog samantha lock dont miss thing foll";"0.01063";"0.10665";"0.01692";"0.09042";"0.00136";"0.00500";"0.00070";"0.00268";"0.74071";"0.02122";"0.00003";"0.00368"
"141";"angela merkel ha asked vladimir putin intervene cr";"0.30656";"0.00020";"0.00216";"0.00216";"0.00020";"0.00020";"0.00609";"0.67773";"0.00020";"0.00412";"0.00020";"0.00020"
"142";"russian opposition politician alexei navalny ha de";"0.00019";"0.00206";"0.00019";"0.01894";"0.00019";"0.10334";"0.00019";"0.87416";"0.00019";"0.00019";"0.00019";"0.00019"
"143";"good morning barack obama ha called world leader s";"0.00014";"0.07339";"0.02998";"0.03812";"0.23481";"0.13714";"0.00014";"0.00014";"0.11272";"0.32434";"0.00014";"0.04897"
"144";"wife jailed russian opposition leader alexei naval";"0.02637";"0.00037";"0.00037";"0.00037";"0.00037";"0.08952";"0.00037";"0.87704";"0.00037";"0.00409";"0.00037";"0.00037"
"145";"switching world largest carbon capture storage pla";"0.20950";"0.00033";"0.00033";"0.00033";"0.75730";"0.00033";"0.00033";"0.00033";"0.03021";"0.00033";"0.00033";"0.00033"
"146";"joe bidens meeting vladimir putin geneva looked li";"0.82352";"0.03025";"0.00421";"0.00220";"0.00220";"0.12640";"0.00020";"0.00020";"0.00821";"0.00220";"0.00020";"0.00020"
"147";"joe biden monday far ha evidence cyber attack late";"0.03071";"0.00019";"0.49618";"0.00019";"0.01927";"0.00019";"0.14136";"0.00019";"0.00019";"0.31114";"0.00019";"0.00019"
"148";"barack obama ha called world leader step step aver";"0.08605";"0.00041";"0.02488";"0.15131";"0.60808";"0.00041";"0.00041";"0.00856";"0.00041";"0.08605";"0.03303";"0.00041"
"149";"january alexei navalny boarded flight moscow russi";"0.00285";"0.00014";"0.09114";"0.07892";"0.00014";"0.43616";"0.00014";"0.38998";"0.00014";"0.00014";"0.00014";"0.00014"
"150";"last decade ive covered many protest vladimir puti";"0.00024";"0.02673";"0.00024";"0.35670";"0.00024";"0.12066";"0.00024";"0.49398";"0.00024";"0.00024";"0.00024";"0.00024"
"151";"ally alexei navalny called supporter stage mass pr";"0.00024";"0.00024";"0.00267";"0.11184";"0.00024";"0.02208";"0.01237";"0.77899";"0.06817";"0.00024";"0.00024";"0.00267"
"152";"tale chest puffing courage one dimensional heroism";"0.00053";"0.00053";"0.00053";"0.33176";"0.00053";"0.30547";"0.00053";"0.23712";"0.00053";"0.00053";"0.00578";"0.11619"
"153";"simmering tension board unexpected drama magnus ca";"0.00023";"0.00023";"0.02730";"0.23488";"0.00248";"0.43569";"0.00023";"0.00474";"0.10627";"0.00248";"0.18524";"0.00023"
"154";"face uphill task presenting chief guardian global ";"0.60348";"0.00278";"0.00025";"0.00025";"0.25013";"0.01287";"0.07345";"0.00278";"0.00025";"0.05326";"0.00025";"0.00025"
"155";"may coincidence russia piling military pressure uk";"0.65030";"0.01241";"0.00017";"0.07532";"0.00017";"0.16970";"0.00017";"0.07008";"0.00717";"0.00192";"0.00017";"0.01241"
"156";"controversial new south wale government investment";"0.00496";"0.36413";"0.20581";"0.01678";"0.13729";"0.00024";"0.26961";"0.00024";"0.00024";"0.00024";"0.00024";"0.00024"
"157";"ian nepomniachtchis feat qualifying magnus carlsen";"0.05047";"0.00016";"0.00016";"0.00016";"0.00016";"0.50325";"0.00016";"0.01152";"0.03749";"0.00016";"0.39614";"0.00016"
"158";"day india started coronavirus vaccination amit meh";"0.17526";"0.00016";"0.00016";"0.09408";"0.02085";"0.00016";"0.00016";"0.00016";"0.70694";"0.00016";"0.00175";"0.00016"
"159";"donald trump heard fiona hill publishing memoir ch";"0.08947";"0.01807";"0.01361";"0.11178";"0.05600";"0.55578";"0.00022";"0.00022";"0.00022";"0.14971";"0.00245";"0.00245"
"160";"vladimir putin ha first time inoculated russia spu";"0.00024";"0.00024";"0.00024";"0.04287";"0.00024";"0.06182";"0.03340";"0.41000";"0.41947";"0.03103";"0.00024";"0.00024"
"161";"day india started coronavirus vaccination amit meh";"0.19118";"0.00016";"0.00016";"0.08930";"0.00016";"0.00016";"0.00016";"0.00016";"0.71808";"0.00016";"0.00016";"0.00016"
"162";"germany ha suspended approval process controversia";"0.36395";"0.00027";"0.01643";"0.00296";"0.00027";"0.00027";"0.61449";"0.00027";"0.00027";"0.00027";"0.00027";"0.00027"
"163";"new focus hypersonic glider weapon reportedly succ";"0.76114";"0.00248";"0.00023";"0.11504";"0.04075";"0.00023";"0.00023";"0.01824";"0.05876";"0.00023";"0.00248";"0.00023"
"164";"uk far alone energy crisis across europe governmen";"0.16751";"0.00021";"0.00021";"0.00021";"0.16963";"0.00021";"0.63977";"0.00021";"0.01927";"0.00021";"0.00021";"0.00233"
"165";"travel company expedia ha stopped selling holiday ";"0.00042";"0.00042";"0.20193";"0.05919";"0.00042";"0.00042";"0.07599";"0.02141";"0.34047";"0.00042";"0.00042";"0.29849"
"166";"ten thousand alexei navalny supporter protested ac";"0.00018";"0.01263";"0.01085";"0.01619";"0.00018";"0.09979";"0.01797";"0.83618";"0.00018";"0.00018";"0.00374";"0.00196"
"167";"russia committed series human right violation war ";"0.03520";"0.00019";"0.03909";"0.00019";"0.00019";"0.03909";"0.00019";"0.82867";"0.00019";"0.05659";"0.00019";"0.00019"
"168";"receding hairline sporting plaid blazer man late g";"0.03447";"0.00010";"0.00010";"0.08604";"0.00010";"0.46515";"0.01060";"0.00010";"0.00010";"0.00010";"0.00010";"0.40307"
"169";"today far coronavirus ha killed least people aroun";"0.02160";"0.00937";"0.00003";"0.00840";"0.00003";"0.00035";"0.00872";"0.01612";"0.91179";"0.00003";"0.02353";"0.00003"
"170";"sun jonas eika translated sherilyn nicolette hellb";"0.00028";"0.00028";"0.00028";"0.27337";"0.00591";"0.45355";"0.00028";"0.00028";"0.02843";"0.00028";"0.00028";"0.23677"
"171";"embassy moscow could stop performing function next";"0.23553";"0.01401";"0.00045";"0.00497";"0.00045";"0.00045";"0.00045";"0.63336";"0.00045";"0.10895";"0.00045";"0.00045"
"172";"analysis total carbon dioxide emission country sin";"0.00506";"0.00179";"0.06539";"0.00669";"0.89057";"0.00179";"0.00506";"0.00016";"0.00016";"0.00016";"0.02136";"0.00179"
"173";"husband wife design duo alexander kozlov anastasia";"0.02678";"0.00838";"0.00634";"0.39473";"0.00020";"0.31296";"0.00020";"0.00225";"0.00020";"0.00225";"0.00020";"0.24550"
"174";"uk country commit long term place afghanistan tony";"0.38733";"0.00043";"0.11097";"0.26403";"0.00468";"0.00043";"0.00043";"0.20451";"0.02594";"0.00043";"0.00043";"0.00043"
"175";"forest least unesco world heritage site become net";"0.00032";"0.05460";"0.00351";"0.00990";"0.92625";"0.00032";"0.00032";"0.00351";"0.00032";"0.00032";"0.00032";"0.00032"
"176";"half mile away bab al hawa border crossing connect";"0.00440";"0.00014";"0.00014";"0.10665";"0.10239";"0.00156";"0.02428";"0.71017";"0.04132";"0.00866";"0.00014";"0.00014"
"177";"relation world great power tenser ever since cold ";"0.74022";"0.00019";"0.10480";"0.01569";"0.00019";"0.03506";"0.00019";"0.10287";"0.00019";"0.00019";"0.00019";"0.00019"
"178";"russia tried influence presidential election proli";"0.27287";"0.00031";"0.01911";"0.00031";"0.00031";"0.01911";"0.00031";"0.04731";"0.00031";"0.63941";"0.00031";"0.00031"
"179";"joe biden returned pre dawn gloom wednesday climat";"0.08747";"0.00017";"0.00359";"0.05666";"0.62496";"0.00017";"0.00017";"0.00531";"0.00017";"0.22099";"0.00017";"0.00017"
"180";"hn strain bird flu ha detected human first time am";"0.00044";"0.00044";"0.00486";"0.00044";"0.00044";"0.00044";"0.04907";"0.04465";"0.71662";"0.00044";"0.00044";"0.18170"
"181";"closing blog thanks following see coronavirus cove";"0.00003";"0.12469";"0.03982";"0.00003";"0.00103";"0.03982";"0.00003";"0.00003";"0.78049";"0.00633";"0.00766";"0.00003"
"182";"strain one anthem give way hybrid version another ";"0.06611";"0.00010";"0.05846";"0.28042";"0.00010";"0.34357";"0.03645";"0.09864";"0.00105";"0.00010";"0.10438";"0.01062"
"183";"russian former journalist held seven month treason";"0.00037";"0.05180";"0.00037";"0.00037";"0.00037";"0.25386";"0.00037";"0.63960";"0.00404";"0.04813";"0.00037";"0.00037"
"184";"blog closed follow coronavirus coverage auckland n";"0.00003";"0.05261";"0.00200";"0.02106";"0.00003";"0.00496";"0.00003";"0.00003";"0.81266";"0.07791";"0.02271";"0.00595"
"185";"future looked unspeakably grim alexei navalnys sup";"0.07987";"0.00017";"0.01057";"0.09893";"0.00017";"0.18728";"0.00191";"0.60828";"0.00017";"0.01230";"0.00017";"0.00017"
"186";"good morning poorer country demanding richer natio";"0.04910";"0.40411";"0.05046";"0.01918";"0.23817";"0.11031";"0.03006";"0.03822";"0.05998";"0.00014";"0.00014";"0.00014"
"187";"global energy market facing perfect storm demand e";"0.13633";"0.00019";"0.00392";"0.00019";"0.15684";"0.00019";"0.63801";"0.00019";"0.06360";"0.00019";"0.00019";"0.00019"
"188";"closing live blog read full story thank reading al";"0.00009";"0.05100";"0.03257";"0.00009";"0.04837";"0.56803";"0.00009";"0.17038";"0.01413";"0.11508";"0.00009";"0.00009"
"189";"thanks following along blog closed catch latest co";"0.01435";"0.03192";"0.00101";"0.01175";"0.00036";"0.04884";"0.04364";"0.00003";"0.80864";"0.03745";"0.00003";"0.00198"
"190";"joe biden delivered remark russia comment come hou";"0.04293";"0.00003";"0.00036";"0.00003";"0.00135";"0.00036";"0.01521";"0.08617";"0.13600";"0.71748";"0.00003";"0.00003"
"191";"joe biden delivered remark russia comment come hou";"0.04194";"0.00003";"0.00003";"0.00003";"0.00003";"0.00003";"0.00927";"0.11059";"0.14095";"0.69702";"0.00003";"0.00003"
"192";"chief mi warn activity china russia hostile state ";"0.29025";"0.00034";"0.33458";"0.00034";"0.00034";"0.02080";"0.05150";"0.20498";"0.09584";"0.00034";"0.00034";"0.00034"
"193";"russian analyst main source christopher steele dos";"0.00025";"0.00025";"0.17275";"0.00025";"0.00025";"0.15753";"0.00025";"0.10173";"0.00025";"0.56596";"0.00025";"0.00025"
"194";"european sanction russia may announced next week e";"0.85443";"0.00022";"0.00022";"0.00022";"0.00246";"0.00022";"0.00022";"0.12768";"0.00022";"0.01140";"0.00246";"0.00022"
"195";"uk energy system ha plunged chaos perfect storm ma";"0.06548";"0.00167";"0.00015";"0.01838";"0.06852";"0.00015";"0.83880";"0.00015";"0.00015";"0.00471";"0.00167";"0.00015"
"196";"china factory activity ha shrunk unexpectedly amid";"0.00035";"0.02464";"0.00035";"0.02117";"0.00035";"0.00035";"0.93026";"0.02117";"0.00035";"0.00035";"0.00035";"0.00035"
"197";"russia fired missile one satellite weekend explosi";"0.04288";"0.00744";"0.00035";"0.55670";"0.28030";"0.01807";"0.05705";"0.00035";"0.03579";"0.00035";"0.00035";"0.00035"
"198";"craig ungers new book ha already made headline new";"0.00019";"0.06196";"0.00019";"0.08068";"0.00019";"0.61419";"0.00393";"0.07319";"0.00019";"0.16492";"0.00019";"0.00019"
"199";"russia sputnik v vaccine ha yet win eu regulatory ";"0.42461";"0.00013";"0.05588";"0.00013";"0.00013";"0.00013";"0.00013";"0.04954";"0.46769";"0.00013";"0.00013";"0.00139"
"200";"russian head poll beginning friday parliamentary e";"0.00651";"0.00021";"0.27320";"0.01071";"0.00021";"0.18081";"0.02961";"0.32360";"0.00021";"0.17451";"0.00021";"0.00021"
"201";"joe biden ha phoned leader ukraine nine eastern eu";"0.78360";"0.02804";"0.00021";"0.00021";"0.00021";"0.00235";"0.00021";"0.18001";"0.00449";"0.00021";"0.00021";"0.00021"
"202";"vladimir putin personally authorised secret spy ag";"0.22665";"0.00207";"0.20695";"0.00010";"0.00010";"0.10451";"0.00010";"0.29955";"0.00010";"0.15869";"0.00010";"0.00108"
"203";"recap joe biden visited small black owned union fr";"0.03994";"0.00808";"0.04228";"0.00003";"0.02384";"0.06609";"0.00003";"0.06576";"0.02518";"0.72869";"0.00003";"0.00003"
"204";"italian prime minister mario draghi belief close g";"0.49495";"0.00017";"0.00017";"0.00017";"0.02878";"0.00017";"0.07253";"0.40239";"0.00017";"0.00017";"0.00017";"0.00017"
"205";"seemed wales hope qualifying world cup danger drif";"0.00262";"0.00024";"0.00024";"0.19108";"0.00024";"0.00024";"0.00024";"0.01932";"0.00024";"0.00024";"0.78507";"0.00024"
"206";"release today first part intergovernmental panel c";"0.00984";"0.10826";"0.00019";"0.00019";"0.82034";"0.00019";"0.04844";"0.00405";"0.00019";"0.00791";"0.00019";"0.00019"
"207";"food drug administration fda authorised pfizerbion";"0.03975";"0.01806";"0.00070";"0.03141";"0.00003";"0.00571";"0.00003";"0.00003";"0.88782";"0.01605";"0.00003";"0.00037"
"208";"joe biden russian president vladimir putin held vi";"0.34296";"0.00163";"0.00003";"0.00003";"0.00003";"0.00003";"0.00804";"0.13304";"0.00003";"0.51378";"0.00003";"0.00035"
"209";"robert page wale manager ha questioned uefas decis";"0.01721";"0.00042";"0.00462";"0.26071";"0.00042";"0.00042";"0.00882";"0.13056";"0.00042";"0.00042";"0.57557";"0.00042"
"210";"vladimir putin ha told boris johnson want immediat";"0.73451";"0.00021";"0.00021";"0.00021";"0.01931";"0.00021";"0.00021";"0.23366";"0.00446";"0.00658";"0.00021";"0.00021"
"211";"british police involved case british embassy emplo";"0.00029";"0.00029";"0.49412";"0.00029";"0.00029";"0.04145";"0.00029";"0.44709";"0.01205";"0.00323";"0.00029";"0.00029"
"212";"coolly furious essay published book form hugh trev";"0.00016";"0.00016";"0.09018";"0.13440";"0.00332";"0.70768";"0.00016";"0.05227";"0.00016";"0.01121";"0.00016";"0.00016"
"213";"russian government ha silenced opposition voice ap";"0.04821";"0.00025";"0.19965";"0.01035";"0.00025";"0.06083";"0.00025";"0.46214";"0.00025";"0.21731";"0.00025";"0.00025"
"214";"eu leader unite warning vladimir putin massive con";"0.87771";"0.00034";"0.02066";"0.00034";"0.00373";"0.00034";"0.00034";"0.09180";"0.00034";"0.00373";"0.00034";"0.00034"
"215";"joe biden ha considering sending troop defend ukra";"0.62135";"0.00287";"0.00026";"0.00026";"0.00026";"0.00026";"0.00026";"0.34473";"0.00026";"0.02897";"0.00026";"0.00026"
"216";"liu boming took dizzy view around lay inky vastnes";"0.42645";"0.00011";"0.00011";"0.23780";"0.07045";"0.11842";"0.03954";"0.10563";"0.00117";"0.00011";"0.00011";"0.00011"
"217";"bbc news executive vowed saturday night continue r";"0.11474";"0.03657";"0.15382";"0.08961";"0.00028";"0.08403";"0.00028";"0.49162";"0.02820";"0.00028";"0.00028";"0.00028"
"218";"sixteen member afghan family fled taliban death th";"0.00701";"0.09973";"0.00023";"0.11104";"0.00023";"0.01606";"0.00023";"0.69674";"0.06355";"0.00023";"0.00475";"0.00023"
"219";"invasion mosquito defeated russia world title chal";"0.01164";"0.00019";"0.00019";"0.06887";"0.00019";"0.41415";"0.00210";"0.00019";"0.00019";"0.00019";"0.48855";"0.01354"
"220";"donald trump cultivated russian asset year proved ";"0.00019";"0.00399";"0.08381";"0.04770";"0.00019";"0.44299";"0.01539";"0.08761";"0.00209";"0.31566";"0.00019";"0.00019"
"221";"last time journalist nobel prize journalist carl v";"0.10043";"0.00015";"0.00015";"0.14826";"0.00015";"0.43058";"0.00478";"0.31487";"0.00015";"0.00015";"0.00015";"0.00015"
"222";"joe biden vladimir putin held virtual summit tuesd";"0.61731";"0.00020";"0.00020";"0.01203";"0.00020";"0.00020";"0.00020";"0.34326";"0.00020";"0.02583";"0.00020";"0.00020"
"223";"opposition indispensable democracy unacceptable vl";"0.36309";"0.00036";"0.00036";"0.00036";"0.00036";"0.01814";"0.05014";"0.56579";"0.00036";"0.00036";"0.00036";"0.00036"
"224";"joe biden vladimir putin due hold talk near future";"0.62949";"0.00021";"0.00235";"0.00021";"0.00021";"0.00021";"0.00021";"0.36194";"0.00021";"0.00449";"0.00021";"0.00021"
